4.9600,1974920.9164,0.6650
4.8627,2017574.4356,0.6480
4.7692,1863126.5420,0.6055
4.6792,1656625.7490,0.5689
4.5926,1541073.5864,0.5516
4.5091,1435569.5149,0.5376
4.4286,1292381.8591,0.5177
4.3509,1136067.2781,0.4936
4.2759,1006841.4889,0.4708
4.2034,915309.9976,0.4520
4.1333,853942.9289,0.4378
4.0656,813017.3880,0.4277
4.0000,785291.3290,0.4207
3.9365,766029.5163,0.4163
3.8750,752234.8403,0.4138
3.8154,742016.5949,0.4127
3.7576,734180.0590,0.4127
3.7015,727974.8405,0.4136
3.6471,722942.2273,0.4151
3.5942,718822.3479,0.4172
3.5429,715497.1427,0.4198
3.4930,712953.6674,0.4228
3.4444,711255.3048,0.4263
3.3973,710506.1578,0.4303
3.3514,710784.8928,0.4349
3.3067,712008.4484,0.4401
3.2632,713676.6521,0.4460
3.2208,714506.9299,0.4523
3.1795,712223.3243,0.4584
3.1392,704165.2938,0.4637
3.1000,689029.9048,0.4674
3.0617,668175.1307,0.4697
3.0244,644424.2901,0.4711
2.9880,619548.1111,0.4723
2.9524,593079.8249,0.4735
2.9176,562915.9224,0.4744
2.8837,526878.7768,0.4745
2.8506,484434.1738,0.4732
2.8182,437486.3466,0.4702
2.7865,389541.2114,0.4657
2.7556,344013.3390,0.4602
2.7253,303087.0628,0.4541
2.6957,267588.9207,0.4477
2.6667,237412.7085,0.4414
2.6383,211991.2246,0.4354
2.6105,190613.9378,0.4296
2.5833,172590.8464,0.4241
2.5567,157318.1113,0.4190
2.5306,144293.1517,0.4143
2.5051,133107.8804,0.4098
2.4800,123434.6066,0.4056
2.4554,115011.0956,0.4017
2.4314,107627.2649,0.3981
2.4078,101114.1817,0.3947
2.3846,95335.2834,0.3915
2.3619,90179.4969,0.3885
2.3396,85555.8884,0.3857
2.3178,81389.5130,0.3830
2.2963,77618.1909,0.3805
2.2752,74189.9961,0.3781
2.2545,71061.2904,0.3759
2.2342,68195.1762,0.3738
2.2143,65560.2732,0.3718
2.1947,63129.7431,0.3699
2.1754,60880.5091,0.3681
2.1565,58792.6271,0.3663
2.1379,56848.7755,0.3647
2.1197,55033.8395,0.3632
2.1017,53334.5697,0.3617
2.0840,51739.3010,0.3603
2.0667,50237.7187,0.3590
2.0496,48820.6642,0.3577
2.0328,47479.9707,0.3565
2.0163,46208.3260,0.3553
2.0000,44999.1542,0.3542
1.9840,43846.5159,0.3532
1.9683,42745.0213,0.3522
1.9528,41689.7544,0.3512
1.9375,40676.2063,0.3503
1.9225,39700.2156,0.3494
1.9077,38757.9133,0.3486
1.8931,37845.6714,0.3478
1.8788,36960.0524,0.3470
1.8647,36097.7579,0.3463
1.8507,35255.5731,0.3456
1.8370,34430.3027,0.3449
1.8235,33618.6921,0.3443
1.8102,32817.3223,0.3437
1.7971,32022.4614,0.3431
1.7842,31229.8355,0.3425
1.7714,30434.2505,0.3420
1.7589,29628.9076,0.3415
1.7465,28804.0213,0.3410
1.7343,27943.5721,0.3405
1.7222,27015.6329,0.3401
1.7103,25926.1207,0.3396
1.6986,24411.4297,0.3388
1.6871,23973.9726,0.3379
1.6757,23535.0111,0.3373
1.6644,23100.2319,0.3367
1.6533,22670.4134,0.3362
1.6424,22245.4528,0.3357
1.6316,21824.9522,0.3353
1.6209,21408.3880,0.3348
1.6104,20995.1757,0.3344
1.6000,20584.6974,0.3340
1.5897,20176.3142,0.3336
1.5796,19769.3706,0.3333
1.5696,19363.1947,0.3329
1.5597,18957.0967,0.3326
1.5500,18550.3644,0.3323
1.5404,18142.2574,0.3320
1.5309,17732.0000,0.3317
1.5215,17318.7715,0.3315
1.5122,16901.6952,0.3312
1.5030,16479.8238,0.3310
1.4940,16052.1214,0.3308
1.4850,15617.4411,0.3305
1.4762,15174.4946,0.3303
1.4675,14721.8141,0.3301
1.4588,14257.7001,0.3299
1.4503,13780.1492,0.3298
1.4419,13286.7542,0.3296
1.4335,12774.5567,0.3294
1.4253,12239.8277,0.3293
1.4171,11677.7214,0.3292
1.4091,11081.7030,0.3290
1.4011,10442.5365,0.3289
1.3933,9746.3298,0.3288
1.3855,8970.2699,0.3287
1.3778,8071.4478,0.3286
1.3702,6946.5155,0.3284
1.3626,2878.1869,0.3283
1.3552,3906.9482,0.3264
1.3478,3830.4876,0.3254
1.3405,3754.1007,0.3247
1.3333,3678.9252,0.3240
1.3262,3605.3193,0.3234
1.3191,3533.4224,0.3229
1.3122,3463.2850,0.3224
1.3053,3394.9148,0.3220
1.2984,3328.2967,0.3215
1.2917,3263.4025,0.3211
1.2850,3200.1964,0.3207
1.2784,3138.6382,0.3203
1.2718,3078.6854,0.3200
1.2653,3020.2941,0.3196
1.2589,2963.4201,0.3193
1.2525,2908.0192,0.3189
1.2462,2854.0480,0.3186
1.2400,2801.4635,0.3183
1.2338,2750.2239,0.3180
1.2277,2700.2883,0.3177
1.2217,2651.6170,0.3174
1.2157,2604.1712,0.3171
1.2098,2557.9135,0.3169
1.2039,2512.8077,0.3166
1.1981,2468.8185,0.3163
1.1923,2425.9119,0.3161
1.1866,2384.0551,0.3158
1.1810,2343.2162,0.3156
1.1754,2303.3645,0.3153
1.1698,2264.4703,0.3151
1.1643,2226.5050,0.3149
1.1589,2189.4407,0.3146
1.1535,2153.2509,0.3144
1.1481,2117.9095,0.3142
1.1429,2083.3916,0.3140
1.1376,2049.6732,0.3138
1.1324,2016.7309,0.3136
1.1273,1984.5422,0.3134
1.1222,1953.0853,0.3132
1.1171,1922.3394,0.3130
1.1121,1892.2839,0.3128
1.1071,1862.8995,0.3126
1.1022,1834.1670,0.3124
1.0973,1806.0681,0.3122
1.0925,1778.5852,0.3121
1.0877,1751.7011,0.3119
1.0830,1725.3993,0.3117
1.0783,1699.6636,0.3116
1.0736,1674.4787,0.3114
1.0690,1649.8295,0.3112
1.0644,1625.7015,0.3111
1.0598,1602.0807,0.3109
1.0553,1578.9535,0.3107
1.0508,1556.3068,0.3106
1.0464,1534.1277,0.3104
1.0420,1512.4041,0.3103
1.0377,1491.1238,0.3101
1.0333,1470.2755,0.3100
1.0290,1449.8478,0.3098
1.0248,1429.8299,0.3097
1.0206,1410.2113,0.3096
1.0164,1390.9818,0.3094
1.0122,1372.1315,0.3093
1.0081,1353.6508,0.3092
1.0040,1335.5305,0.3090
1.0000,1317.7615,0.3089
0.9960,1300.3351,0.3088
0.9920,1283.2428,0.3086
0.9880,1266.4764,0.3085
0.9841,1250.0279,0.3084
0.9802,1233.8895,0.3083
0.9764,1218.0538,0.3082
0.9725,1202.5135,0.3080
0.9688,1187.2613,0.3079
0.9650,1172.2906,0.3078
0.9612,1157.5946,0.3077
0.9575,1143.1668,0.3076
0.9538,1129.0008,0.3075
0.9502,1115.0907,0.3074
0.9466,1101.4304,0.3073
0.9430,1088.0141,0.3072
0.9394,1074.8362,0.3070
0.9358,1061.8912,0.3069
0.9323,1049.1739,0.3068
0.9288,1036.6791,0.3067
0.9254,1024.4017,0.3066
0.9219,1012.3368,0.3065
0.9185,1000.4797,0.3064
0.9151,988.8258,0.3064
0.9118,977.3705,0.3063
0.9084,966.1096,0.3062
0.9051,955.0386,0.3061
0.9018,944.1535,0.3060
0.8986,933.4503,0.3059
0.8953,922.9249,0.3058
0.8921,912.5736,0.3057
0.8889,902.3926,0.3056
0.8857,892.3784,0.3055
0.8826,882.5273,0.3054
0.8794,872.8359,0.3054
0.8763,863.3008,0.3053
0.8732,853.9189,0.3052
0.8702,844.6868,0.3051
0.8671,835.6016,0.3050
0.8641,826.6600,0.3050
0.8611,817.8593,0.3049
0.8581,809.1965,0.3048
0.8552,800.6688,0.3047
0.8522,792.2735,0.3046
0.8493,784.0079,0.3046
0.8464,775.8694,0.3045
0.8435,767.8554,0.3044
0.8407,759.9635,0.3043
0.8378,752.1913,0.3043
0.8350,744.5363,0.3042
0.8322,736.9963,0.3041
0.8294,729.5691,0.3041
0.8267,722.2524,0.3040
0.8239,715.0441,0.3039
0.8212,707.9421,0.3039
0.8185,700.9443,0.3038
0.8158,694.0489,0.3037
0.8131,687.2537,0.3037
0.8105,680.5570,0.3036
0.8078,673.9568,0.3035
0.8052,667.4513,0.3035
0.8026,661.0388,0.3034
0.8000,654.7176,0.3033
0.7974,648.4858,0.3033
0.7949,642.3420,0.3032
0.7923,636.2844,0.3032
0.7898,630.3114,0.3031
0.7873,624.4216,0.3030
0.7848,618.6135,0.3030
0.7823,612.8854,0.3029
0.7799,607.2361,0.3029
0.7774,601.6640,0.3028
0.7750,596.1678,0.3027
0.7726,590.7462,0.3027
0.7702,585.3978,0.3026
0.7678,580.1213,0.3026
0.7654,574.9155,0.3025
0.7631,569.7791,0.3025
0.7607,564.7109,0.3024
0.7584,559.7097,0.3024
0.7561,554.7744,0.3023
0.7538,549.9039,0.3023
0.7515,545.0969,0.3022
0.7492,540.3524,0.3022
0.7470,535.6695,0.3021
0.7447,531.0469,0.3020
0.7425,526.4837,0.3020
0.7403,521.9789,0.3020
0.7381,517.5315,0.3019
0.7359,513.1406,0.3019
0.7337,508.8052,0.3018
0.7316,504.5244,0.3018
0.7294,500.2972,0.3017
0.7273,496.1229,0.3017
0.7251,492.0005,0.3016
0.7230,487.9292,0.3016
0.7209,483.9081,0.3015
0.7188,479.9365,0.3015
0.7168,476.0136,0.3014
0.7147,472.1384,0.3014
0.7126,468.3104,0.3013
0.7106,464.5288,0.3013
0.7086,460.7927,0.3013
0.7066,457.1015,0.3012
0.7045,453.4545,0.3012
0.7025,449.8510,0.3011
0.7006,446.2902,0.3011
0.6986,442.7716,0.3010
0.6966,439.2945,0.3010
0.6947,435.8582,0.3010
0.6927,432.4620,0.3009
0.6908,429.1055,0.3009
0.6889,425.7879,0.3008
0.6870,422.5087,0.3008
0.6851,419.2673,0.3008
0.6832,416.0631,0.3007
0.6813,412.8956,0.3007
0.6795,409.7641,0.3007
0.6776,406.6683,0.3006
0.6757,403.6074,0.3006
0.6739,400.5811,0.3005
0.6721,397.5887,0.3005
0.6703,394.6299,0.3005
0.6685,391.7040,0.3004
0.6667,388.8106,0.3004
0.6649,385.9493,0.3004
0.6631,383.1195,0.3003
0.6613,380.3209,0.3003
0.6596,377.5529,0.3003
0.6578,374.8151,0.3002
0.6561,372.1071,0.3002
0.6544,369.4284,0.3002
0.6526,366.7787,0.3001
0.6509,364.1575,0.3001
0.6492,361.5644,0.3001
0.6475,358.9990,0.3000
0.6458,356.4610,0.3000
0.6442,353.9498,0.3000
0.6425,351.4653,0.2999
0.6408,349.0069,0.2999
0.6392,346.5744,0.2999
0.6375,344.1673,0.2998
0.6359,341.7853,0.2998
0.6343,339.4281,0.2998
0.6327,337.0954,0.2997
0.6310,334.7867,0.2997
0.6294,332.5018,0.2997
0.6278,330.2404,0.2996
0.6263,328.0020,0.2996
0.6247,325.7865,0.2996
0.6231,323.5935,0.2996
0.6216,321.4226,0.2995
0.6200,319.2737,0.2995
